
Tempo: 3.000000
Trocas: 81685 
Comparacoes: 287188

Tempo: 31.000000
Trocas: 0 
Comparacoes: 0

Tempo: 196.000000
Trocas: 0 
Comparacoes: 0
